//0:Sunday - 6:Saturday {
uint8_t TimeSeries[7][24] = {
//  0   1   2   3   4   5   6   7   8   9  10  11  12  13  14  15  16  17  18  19  20  21  22  23 
	{10, 60, 20, 60, 40, 60, 10, 60, 30, 60, 10, 60, 20, 60, 40, 60, 10, 60, 30, 60, 50, 60, 20, 60}, //Sun - 0
	{91, 11, 45, 87, 14, 71, 11, 21, 33, 54, 61, 15, 72, 43, 94, 51, 14, 23, 56, 84, 22, 17, 85, 31}, //Mon - 1
	{20, 42, 22, 42, 24, 42, 21, 42, 23, 42, 20, 21, 42, 23, 42, 20, 42, 22, 42, 24, 42, 21, 42, 23}, //Tue - 2
	{30, 13, 32, 13, 34, 13, 31, 52, 33, 64, 30, 31, 12, 33, 64, 30, 91, 22, 73, 34, 90, 71, 31, 76}, //Wed - 3
	{40, 60, 42, 60, 44, 60, 41, 60, 43, 60, 40, 60, 42, 60, 44, 60, 41, 60, 43, 60, 40, 60, 42, 60}, //Thu - 4
	{50, 11, 52, 11, 54, 11, 51, 11, 53, 11, 50, 11, 52, 11, 54, 11, 51, 11, 53, 11, 50, 11, 52, 11}, //Fri - 5
	{60, 41, 62, 21, 64, 75, 61, 81, 63, 81, 60, 31, 62, 95, 64, 74, 61, 24, 63, 46, 60, 32, 62, 28}  //Sat - 6
};

uint8_t TimeSeries_Quarter_Minute[7][96] = {
/*Quarter*/  /*00h00 00h15 00h30 00h45 01h00 01h15 01h30 01h45 02h00 02h15 02h30 02h45 03h00 03h15 03h30 03h45 04h00 04h15 04h30 04h45 05h00 05h15 05h30 05h45*/ /*Quarter*/ /*06h00 06h15 06h30 06h45 07h00 07h15 07h30 07h45 08h00 08h15 08h30 08h45 09h00 09h15 09h30 09h45 10h00 10h15 10h30 10h45 11h00 11h15 11h30 11h45*/ /*Quarter*/ /*12h00 12h15 12h30 12h45 13h00 13h15 13h30 13h45 14h00 14h15 14h30 14h45 15h00 15h15 15h30 15h45 16h00 16h15 16h30 16h45 17h00 17h15 17h30 17h45*/ /*Quarter*/ /*18h00  18h15 18h30 18h45 19h00 19h15 19h30 19h45 20h00 20h15 20h30 20h45 21h00 21h15 21h30 21h45 22h00 22h15 22h30 22h45 23h00 23h15 23h30 23h45*/
/*Sun - 0*/    {10,   60,   20,   60,   40,   60,   10,   60,   30,   60,   10,   60,   20,   60,   40,   60,   10,   60,   30,   60,   50,   60,   20,   60,    /*Sun - 0*/    10,   60,   20,   60,   40,   60,   10,   60,   30,   60,   10,   60,   20,   60,   40,   60,   10,   60,   30,   60,   50,   60,   20,   60,    /*Sun - 0*/    10,   60,   20,   60,   40,   60,   10,   60,   30,   60,   10,   60,   20,   60,   40,   60,   10,   60,   30,   60,   50,   60,   20,   60,    /*Sun - 0*/    10,    60,   20,   60,   40,   60,   10,   60,   30,   60,   10,   60,   20,   60,   40,   60,   10,   60,   30,   60,   50,   60,   20,   60}, 
/*Mon - 1*/    {91,   11,   45,   87,   14,   71,   11,   21,   33,   54,   61,   15,   72,   43,   94,   51,   14,   23,   56,   84,   22,   17,   85,   31,    /*Mon - 1*/    91,   11,   45,   87,   14,   71,   11,   21,   33,   54,   61,   15,   72,   43,   94,   51,   14,   23,   56,   84,   22,   17,   85,   31,    /*Mon - 1*/    91,   11,   45,   87,   14,   71,   11,   21,   33,   54,   61,   15,   72,   43,   94,   51,   14,   23,   56,   84,   22,   17,   85,   31,    /*Mon - 1*/    91,    11,   45,   87,   14,   71,   11,   21,   33,   54,   61,   15,   72,   43,   94,   51,   14,   23,   56,   84,   22,   17,   85,   31}, 
/*Tue - 2*/    {20,   42,   22,   42,   24,   42,   21,   42,   23,   42,   20,   21,   42,   23,   42,   20,   42,   22,   42,   24,   42,   21,   42,   23,    /*Tue - 2*/    20,   42,   22,   42,   24,   42,   21,   42,   23,   42,   20,   21,   42,   23,   42,   20,   42,   22,   42,   24,   42,   21,   42,   23,    /*Tue - 2*/    20,   42,   22,   42,   24,   42,   21,   42,   23,   42,   20,   21,   42,   23,   42,   20,   42,   22,   42,   24,   42,   21,   42,   23,    /*Tue - 2*/    20,    42,   22,   42,   24,   42,   21,   42,   23,   42,   20,   21,   42,   23,   42,   20,   42,   22,   42,   24,   42,   21,   42,   23}, 
/*Wed - 3*/    {30,   13,   32,   13,   34,   13,   31,   52,   33,   64,   30,   31,   12,   33,   64,   30,   91,   22,   73,   34,   90,   71,   31,   76,    /*Wed - 3*/    30,   13,   32,   13,   34,   13,   31,   52,   33,   64,   30,   31,   12,   33,   64,   30,   91,   22,   73,   34,   90,   71,   31,   76,    /*Wed - 3*/    30,   13,   32,   13,   34,   13,   31,   52,   33,   64,   30,   31,   12,   33,   64,   30,   91,   22,   73,   34,   90,   71,   31,   76,    /*Wed - 3*/    30,    13,   32,   13,   34,   13,   31,   52,   33,   64,   30,   31,   12,   33,   64,   30,   91,   22,   73,   34,   90,   71,   31,   76}, 
/*Thu - 4*/    {40,   60,   42,   60,   44,   60,   41,   60,   43,   60,   40,   60,   42,   60,   44,   60,   41,   60,   43,   60,   40,   60,   42,   60,    /*Thu - 4*/    40,   60,   42,   60,   44,   60,   41,   60,   43,   60,   40,   60,   42,   60,   44,   60,   41,   60,   43,   60,   40,   60,   42,   60,    /*Thu - 4*/    40,   60,   42,   60,   44,   60,   41,   60,   43,   60,   40,   60,   42,   60,   44,   60,   41,   60,   43,   60,   40,   60,   42,   60,    /*Thu - 4*/    40,    60,   42,   60,   44,   60,   41,   60,   43,   60,   40,   60,   42,   60,   44,   60,   41,   60,   43,   60,   40,   60,   42,   60}, 
/*Fri - 5*/    {50,   11,   52,   11,   54,   11,   51,   11,   53,   11,   50,   11,   52,   11,   54,   11,   51,   11,   53,   11,   50,   11,   52,   11,    /*Fri - 5*/    50,   11,   52,   11,   54,   11,   51,   11,   53,   11,   50,   11,   52,   11,   54,   11,   51,   11,   53,   11,   50,   11,   52,   11,    /*Fri - 5*/    50,   11,   52,   11,   54,   11,   51,   11,   53,   11,   50,   11,   52,   11,   54,   11,   51,   11,   53,   11,   50,   11,   52,   11,    /*Fri - 5*/    50,    11,   52,   11,   54,   11,   51,   11,   53,   11,   50,   11,   52,   11,   54,   11,   51,   11,   53,   11,   50,   11,   52,   11}, 
/*Sat - 6*/    {60,   41,   62,   21,   64,   75,   61,   81,   63,   81,   60,   31,   62,   95,   64,   74,   61,   24,   63,   46,   60,   32,   62,   28,    /*Sat - 6*/    60,   41,   62,   21,   64,   75,   61,   81,   63,   81,   60,   31,   62,   95,   64,   74,   61,   24,   63,   46,   60,   32,   62,   28,    /*Sat - 6*/    60,   41,   62,   21,   64,   75,   61,   81,   63,   81,   60,   31,   62,   95,   64,   74,   61,   24,   63,   46,   60,   32,   62,   28,    /*Sat - 6*/    60,    41,   62,   21,   64,   75,   61,   81,   63,   81,   60,   31,   62,   95,   64,   74,   61,   24,   63,   46,   60,   32,   62,   28}  
};